[gd_scene load_steps=4 format=3 uid="uid://iq35gkf582qc"]

[ext_resource type="PackedScene" uid="uid://bxidlfroi48fk" path="res://game_map.tscn" id="1_3ghbh"]
[ext_resource type="Script" path="res://main.gd" id="1_ex88s"]
[ext_resource type="PackedScene" uid="uid://bqcjylgvilwoc" path="res://flight_camera.tscn" id="2_6uo1f"]

[node name="Main" type="Node3D"]
script = ExtResource("1_ex88s")

[node name="Sketchfab_Scene" parent="." instance=ExtResource("1_3ghbh")]
transform = Transform3D(0.01, 0, 0, 0, 0.01, 0, 0, 0, 0.01, 0, 0, 0)
metadata/_edit_lock_ = true

[node name="FlightCamera" parent="." instance=ExtResource("2_6uo1f")]
transform = Transform3D(0.874436, -0.448063, 0.186013, 0, 0.38342, 0.923574, -0.485141, -0.807606, 0.335276, 20, 43, 15)
metadata/_edit_lock_ = true

[node name="DirectionalLight3D" type="DirectionalLight3D" parent="."]
transform = Transform3D(0.898017, -0.418319, 0.136288, 0, 0.309773, 0.95081, -0.439961, -0.853844, 0.278181, 42.574, 159.971, 61.8239)
light_color = Color(0.93, 1, 0.972, 1)
light_energy = 3.5
shadow_enabled = true
shadow_opacity = 0.8
shadow_blur = 4.0
directional_shadow_max_distance = 400.0

[node name="Camera3D" type="Camera3D" parent="."]
transform = Transform3D(0.667514, 0.0966012, -0.738305, 0, 0.991549, 0.129736, 0.744597, -0.0866007, 0.661872, -2.66425, 37.9719, 23.1603)
current = true

[node name="RotationPoint" type="Marker3D" parent="."]
transform = Transform3D(1, 0, 0, 0, 1, 0, 0, 0, 1, 16, 37, 5)

[node name="Node3D" type="Node3D" parent="."]
transform = Transform3D(0.711725, -0.0800761, -0.697879, 0, 0.993481, -0.113994, 0.702458, 0.0811325, 0.707086, 5.85855, 4.00926, 10.5503)
